12 0.6021634615384616 0.5793269230769231 0.015625 0.0673076923076923
12 0.38461538461538464 0.6153846153846154 0.018028846153846152 0.04567307692307692
12 0.4338942307692308 0.6310096153846154 0.018028846153846152 0.05889423076923077
12 0.4567307692307692 0.6694711538461539 0.019230769230769232 0.06370192307692307
12 0.1971153846153846 0.6706730769230769 0.03365384615384615 0.14783653846153846
12 0.25841346153846156 0.6742788461538461 0.03365384615384615 0.13701923076923078
12 0.8076923076923077 0.7091346153846154 0.03485576923076923 0.14903846153846154
12 0.7319711538461539 0.7115384615384616 0.038461538461538464 0.18269230769230768
12 0.32211538461538464 0.7139423076923077 0.026442307692307692 0.10817307692307693
12 0.4375 0.7259615384615384 0.028846153846153848 0.09254807692307693
12 0.5709134615384616 0.7319711538461539 0.026442307692307692 0.13701923076923078
12 0.9098557692307693 0.7319711538461539 0.028846153846153848 0.13221153846153846
12 0.3918269230769231 0.734375 0.03485576923076923 0.12620192307692307
12 0.6526442307692307 0.7620192307692307 0.04447115384615385 0.20673076923076922